"size" "veg" "connec" "litiere" "prof" "eau" "stability" "site"
1.01227959905156 0.83916171992038 0 0.1 0.474162470788733 2.21428571428571 -2.73698380228606 1
1.16721983320448 1.40960857446071 0 0.181818181818182 0.432626716042574 2.53571428571429 -2.72638522388549 2
0.780826597779281 0.545555023512055 0 0.285714285714286 0.372675190051816 1.76923076923077 -4.27477417023139 3
1.46089198046074 1.52463065197221 0.0769230769230769 0.333333333333333 0.566982005457067 3.25 -0.61065765177661 4
1.30588529428555 1.44094008417562 0.730769230769231 0.0769230769230769 0.714886011046319 2.96153846153846 -0.0527687297504931 5
1.56502079388271 1.39432835294765 0.142857142857143 1.03333333333333 0.73243562411601 2.73333333333333 0.899449151019259 6
1.34299908982863 1.2424602346353 1.34615384615385 0.230769230769231 0.639765374804283 3.17857142857143 0.761868289598394 7
1.59967375527979 0.225935972831883 0.375 1.22222222222222 0.793207444438392 2.94444444444444 2.0467114791547 8
0.983015575793296 0.313933229471076 0 2.71428571428571 0.446898403551279 3.21428571428571 0.404483733340277 9
1.59551967576916 1.44457931575852 0.153846153846154 1.03333333333333 0.665398222075153 2.96875 1.23657441658715 10
1.27831267184562 0.991335888301976 0.0714285714285714 2.1875 0.580708877080953 3.16666666666667 0.809724056266959 11
0.835375134452234 1.01743928446294 2 0.208333333333333 0.298351342505226 2.69230769230769 -2.39037425767902 12
1.58284810586337 1.64310061867957 0.428571428571429 0.966666666666667 0.773646494354309 3.20588235294118 1.34907123708556 13
0.58822507617279 1.12084912193856 2.30769230769231 0.566666666666667 0.489717994874211 3.03125 -0.218967611379427 14
1.31174590146627 1.38301756911654 0.538461538461538 0.142857142857143 0.671561342974887 2.53571428571429 0.915745488692993 15
1.51700163425079 0.668281184182638 0.115384615384615 1.06666666666667 0.840196311811789 2.625 1.5642290355814 16
1.23357189568044 1.09924850806498 0.0769230769230769 0.333333333333333 0.576694576920947 2.8 -1.03492633305661 17
0.737300997629215 0.34323277922616 0 1.5 0.34466486631765 1.95 -1.94302568344814 18
2.30211607553296 1.73230062195027 0 0.142857142857143 0.740245776257341 2.75 -0.390354562687166 20
1.6653078202914 1.48894668698557 0 1.32142857142857 0.677089974272353 2.23333333333333 -0.381028217964273 21
1.93904860448157 0.918910800613749 1.30769230769231 0.321428571428571 0.833010646652416 2.96428571428571 0.455900224628566 22
1.55080043281447 1.35403053784899 2.03571428571429 3 0.167599594171489 3.46666666666667 -1.22686197726137 23
0.648496883912773 1.09912779983268 1.80769230769231 1.28571428571429 0.455812524017545 2.96428571428571 1.06866112412403 25
1.86250271879239 1.26175790133749 0 0.09375 0.83593678628203 2.84375 1.26822623497992 26
1.45453781131581 0.764036998697418 0.153846153846154 0.178571428571429 0.670332369794866 2.60714285714286 -1.08863775853238 27
1.99746450421501 1.41418795723271 0 0.3125 0.719506923428412 2.79411764705882 0.349070403580236 28
1.94318505449227 1.45723024717632 0.0769230769230769 0.433333333333333 0.960538686243342 3.5 1.66518916810842 29
1.38282588439288 1.8061155814389 2 0.3125 0.21484681849739 3.46875 0.550486966002105 31
1.36592008712131 1.72155951851669 2.1 2.6 0.158873549274074 3.5 0.42313721512681 32
1.45691143612694 1.22066710686507 0.25 0.3 0.726674662143323 2.8125 0.370763300320479 33
1.2285147192571 0.800675753293466 0.0769230769230769 0.333333333333333 0.572105412612016 2.38461538461538 -2.22551242589589 34
1.60633761954234 1.03680783644673 0.153846153846154 1.75 0.715475885127369 3.03333333333333 0.894794048355645 35
1.7503409288084 0.605931717994694 0.384615384615385 0.714285714285714 0.668840611555351 2.92857142857143 0.0991290146708316 36
1.2174953696734 0.931097933151561 0 0.75 0.453370283044743 2.3 -3.23092828023159 37
0.881414938542864 0.34732993946813 0.272727272727273 0.181818181818182 0.498855649096403 2.34615384615385 -2.0204234877261 38
1.28764103976001 0.911472851395352 0.4 0.0833333333333333 0.735768863524746 2.80769230769231 1.68422150556042 39
1.15499088499133 1.16471933978034 0.230769230769231 0.3 0.522737238263936 2.75 -4.49068816740033 40
1.41500540232597 1.09735847323309 0.25 0 0.518185334605847 2.66666666666667 -2.8006104897239 41
1.05734569800108 0.896423939680862 0.25 0.115384615384615 0.554394440389384 2.3125 -0.403115811556219 42
1.83883368971442 0.480673169559536 0.576923076923077 0.142857142857143 0.810138323885149 2.60714285714286 0.528983192658187 43
1.20250106429087 1.36533912101024 0 0.285714285714286 0.655238179529744 3.03571428571429 1.07299803506441 44
1.51937793245871 0.798226742561851 0.615384615384615 0.5 0.757782865087736 2.59375 -0.0567695491129483 45
1.6473404746613 1.82200115860209 0 0.666666666666667 0.653397637787954 2.75 0.844980739890724 46
1.57321404793878 0.361023436757255 0 0.533333333333333 0.882560584828675 2.6 1.88815662935315 47
1.46987223529451 0.826639466279711 1.19230769230769 0.961538461538462 0.801803099465603 3.17857142857143 1.85235051623087 48
1.42754510585451 1.21960698481227 1.38461538461538 0.142857142857143 0.740225479647148 2.71428571428571 1.63933511277797 49
1.19854068164979 1.3281619288195 2 1.07142857142857 0.724432421720682 3.15625 1.1438369775885 50
1.46589891187979 1.48158760626756 0 1 0.80471895621705 3.33333333333333 1.66239732948875 51
1.60637557874554 0.452360560624431 0 0 0.847643120086143 2.33333333333333 -1.66878518771044 52
1.44098540307042 0.623674745390332 0.230769230769231 1.46428571428571 0.653401597131549 2.65625 0.943595997697455 53
1.38413075017748 1.06301196261421 0.0769230769230769 0.821428571428571 0.651094303740343 2.92857142857143 1.04004416730474 54
1.65958289755178 0.605836555828123 0.153846153846154 1.10714285714286 0.775241759233388 2.65625 0.966402526930354 55
1.45621085860998 1.56288939530652 0 0.181818181818182 0.599851939465618 1.77272727272727 0.345923843198083 56
1.1321906455221 0.603357603038496 1.5 2 0.601706976710612 2.25 1.46085971434373 57
1.43409468263418 0.360209293542275 0.923076923076923 0.384615384615385 0.620317343802012 2.42307692307692 -0.773720282128049 59
1.14646621559448 1.59278597037342 1.46153846153846 0.214285714285714 0.39300785506977 2.71428571428571 -0.136405948788347 60
1.20689310306545 1.19403865012964 0.153846153846154 0.615384615384615 0.457140768245367 3.07142857142857 -2.55692393132499 61
1.45419142578943 1.60841502898201 0 0.464285714285714 0.608519951641745 2.42857142857143 0.549046848380453 62
1.15098004381775 1.19842474430341 0.714285714285714 0 0.580817583606704 2.88888888888889 -0.311952993057217 63
1.55229358217173 1.51945464136715 1.07692307692308 0.107142857142857 0.715903903210485 2.56666666666667 0.652336351953799 64
0.702410872789196 1.31710518807022 2.42857142857143 0.46875 0.333211692114225 4.5625 1.61398522129694 66
1.25669085280304 0.130174085644778 0 1.14285714285714 0.547339798321088 2.42857142857143 -0.552893185967514 67
1.52218560190164 1.76887523985006 0.5 0.0714285714285714 0.627752683195228 3.03333333333333 0.619277644974778 68
1.58045690571539 1.58202431808468 0.307692307692308 0.0384615384615385 0.674802111259019 3.19230769230769 0.874500013163778 69
1.52661340567438 1.57573580185309 0 0.821428571428571 0.573167116660987 3 -0.19208229918127 70
0.965506874045655 1.42719081052729 0 0 0.758677127595619 2.57142857142857 -1.29372296742341 71
1.14367877931579 1.85292550365734 0.307692307692308 1.28571428571429 0.490390884886126 2.10714285714286 1.76400903323715 72
0.951985180303875 0.313818126275827 0 0 0.629230513092792 3 -2.90334052266893 74
1.06860622385346 0.799434377232415 0 0.166666666666667 0.535478387303012 2.53571428571429 -2.20258816448731 75
1.37098328808936 0.861875953817891 1.84615384615385 0.535714285714286 0.598098363850979 2.71875 0.725377153842919 77
1.16183159894858 1.35405484847743 0.615384615384615 1.71428571428571 0.38815946844258 3.28571428571429 0.441075991807576 78
1.35948144733983 0.884012223525657 0.615384615384615 1.17857142857143 0.619758825877416 2.78125 0.851555823402697 79
1.18549317076563 0.7891130582103 0.307692307692308 0.0714285714285714 0.6594653722375 2.82142857142857 1.12304512947341 82
1.99878526239464 1.29728737134021 0.5 0.111111111111111 0.81181374612608 3 0.0322916650269924 83
1.78161032706934 1.11356262808405 0.692307692307692 1.0625 0.816231444773677 2.90625 1.29379341781337 84
0.313577973904072 0.704187028535155 0 1.5 0.0630690694699536 1.11538461538462 -4.92693159266296 86
1.35555222137919 1.1137569205892 0 0 0.756625988473791 3 -0.690796437238452 87
0.79594159289015 1.27136087591063 1.8 0 0.0567793570930278 2.04545454545455 -4.02744649806038 88
0.826768084807614 1.30490129352872 1.90909090909091 1.15384615384615 0.310961105708756 3.26666666666667 -0.774876246259377 89
1.79930895287866 1.74753120854744 2.09090909090909 2.36363636363636 0.185976528165265 3.68181818181818 0.404365503559123 90
1.20514672728996 1.0985410998175 0.961538461538462 0.153846153846154 0.693222416551329 2.63333333333333 -0.0825589111924763 91
1.10946680303888 0.230364454664129 1.07142857142857 2.28571428571429 0.562562713491491 2.40625 0.608839698418964 92
1.25240475881085 0.719457887167544 0.461538461538462 0.821428571428571 0.797762361019681 2.75 1.37137801507838 93
0.999838975698794 0.764502702723812 1.69230769230769 2 0.451342825611577 3.07142857142857 0.84592622791095 95
1.38862961722565 1.926229697303 0 0.0666666666666667 0.494104778054136 2.86666666666667 0.756748935300028 97
1.50178746410539 1.05256851844637 0.346153846153846 1.14285714285714 0.703523891586335 3 1.38143720065536 98
1.35144660246314 1.51504875472786 1.28571428571429 0.233333333333333 0.718392394776346 3.09375 1.29909151017356 101
2.38686346922244 1.00533928966654 0 0.142857142857143 1.04131283647939 3 0.84350951144948 103
1.97467785752844 1.22500798818905 0.307692307692308 0.2 0.976767627448848 3.23333333333333 1.24295053438869 104
2.19569043823113 1.51857153680115 0.214285714285714 0.6 0.829442580902105 2.63333333333333 0.523806783918635 106
1.04448840647754 1.16159164082346 0.0714285714285714 0.857142857142857 0.586044970039382 2.59375 -0.150766942446977 107
1.71539433378382 1.24108843376264 0.818181818181818 0 0.744590068845475 3.04166666666667 -0.669486907784967 108
1.40987410342404 1.33338213361389 0.863636363636364 0 0.751659178229624 3 -3.20903481784404 109
2.02646851169035 1.17870031073753 0.115384615384615 0.366666666666667 0.923533781076379 3.28125 1.13726061327377 110
1.79021513440131 1.04653036076768 1.26923076923077 0.142857142857143 0.818629247889568 3.10714285714286 1.4714952312546 111
0.901950512923886 0.962289370680696 0.166666666666667 0.555555555555556 0.431509121507397 2.20833333333333 -4.18083329289387 113
1.5078355832451 1.26573668424117 1.19230769230769 0.0666666666666667 0.739421909417342 2.8 1.89522590271045 114
1.3305977417552 0.549449356387922 0.0769230769230769 0.75 0.57550640657294 1.59375 0.413151758472507 115
1.54782653490618 1.37708329610415 2.125 2.27272727272727 0.13329506452144 3.11538461538462 -1.22986026938922 116
1.53089763386667 1.26724451395958 2.05 0 0.0802972811110347 2.6 -4.10492864241235 117
1.13091432773955 1.55427562392146 2.03846153846154 0.230769230769231 0.309911249188525 3.46428571428571 0.482667543464778 118
1.08910338543885 1.17343283113591 2.11111111111111 0.111111111111111 0.29218832092414 2 -3.32065202928725 119
1.13873237941455 1.53337262741359 2.07142857142857 0.5625 0.256425782469744 3.03125 -0.795363644665657 120
0.562150081529461 0 0.833333333333333 1.27272727272727 0.339219976777929 3.65384615384615 1.8247056090093 121
2.26320534611728 0.773090123916336 0.230769230769231 0.8 1.04916503885648 2.9 1.12712989787022 122
1.57950984783966 1.09101527433761 0.0769230769230769 0.535714285714286 0.77125827505478 2.71428571428571 -1.16307642648944 123
1.87605249503065 1.3473523174131 0 0.1 0.754216950798747 3.16666666666667 0.881074880044188 124
1.82214440683529 1.57657025651325 0.230769230769231 0.0714285714285714 0.761312844530947 2.85714285714286 0.999231086262436 125
0.694246156306253 0.0280659561599801 0.444444444444444 0.5 0.47566385206097 1.42857142857143 -3.2268818554115 126
0.73953596673155 0.940738586076201 0.857142857142857 0.0833333333333333 0.371323053884584 1.9 -3.94991123586506 127
1.31345029291902 0.510351303451776 1.92307692307692 0.166666666666667 0.613662562324646 2.83333333333333 1.1473863862952 128
1.25256897119386 0.842065737447883 1.92307692307692 1.17857142857143 0.511304968042207 2.14285714285714 0.653620953827975 129
0.836167510459886 1.11289796851076 2.46153846153846 2.26666666666667 0.57450844213115 3.34375 0.971829364088636 132
1.1386336447156 1.38693893729682 1.25 0 0.340928356253045 1.80769230769231 -2.92789114701648 133
1.37127620824554 0.60318839733953 0.846153846153846 1.42857142857143 0.764965046409178 2.96875 1.49261375011838 134
1.45557052136501 0.929361557098795 0.642857142857143 2 0.531199906995415 2.96666666666667 0.216033108298537 135
1.58121753874622 1.33626824969901 1.33333333333333 0.409090909090909 0.602203621850129 2.53571428571429 -1.66442459631474 137
1.38222324436546 1.04536530764383 1.30769230769231 1.53571428571429 0.785367127712439 2.84375 1.74635742667008 138
1.55913720724052 0.0915472059274875 0.0769230769230769 2.21428571428571 0.696680538169065 2.375 1.83424578042315 139
1.00724906919635 1.67437896700832 2.03846153846154 0.153846153846154 0.404074660920649 3.35714285714286 -0.961651304507318 141
1.27995871367762 1.06304611650733 2 0.133333333333333 0.635098894938423 2.7 1.04739374647153 142
2.24845853976498 0.68692010489246 0.230769230769231 0.233333333333333 1.01753450688348 2.93333333333333 1.39999426554826 143
1.60992442370336 1.05783377591496 0.115384615384615 1.07142857142857 0.727591449237283 2.65625 0.897180155540911 144
1.64465359538354 1.02715201049752 0.384615384615385 1.4 0.773566475977848 2.73333333333333 1.02183499874853 145
0.567117191671307 0.482949449695507 0.166666666666667 0 0.279603728376278 2.125 -4.81546708497846 146
1.35309766709976 1.10036189855127 0.333333333333333 1.13333333333333 0.622421670648123 2.28125 0.49653204057372 147
1.41414958990043 1.04123533904032 0.0769230769230769 0.0714285714285714 0.619941940259574 2.89285714285714 1.36236756510009 148
1.36674880235218 0.109254852731251 0 2 0.75711284458398 1.90625 2.01733999572142 149
1.42894271532708 1.35093000933402 0.0769230769230769 0.192307692307692 0.668396808063999 2.96153846153846 -0.717975063906607 150
1.42612416625872 1.42383311521295 0.230769230769231 0.961538461538462 0.690426559285455 3.61538461538462 0.200754239442149 151
1.8063029637867 0.85744008894378 0.769230769230769 0.392857142857143 0.750833210436631 3 0.536646269812197 152
1.06752422924762 0.954612238094602 0.607142857142857 2.4 0.434013881268833 2.75 0.0235030759517236 153
1.76254119923564 0.984960453010531 0.153846153846154 0 0.668801495756997 2.5 -1.24865790516561 154
1.12570543183085 1.47440100580816 0 0.384615384615385 0.432487517031561 2.66666666666667 -3.1917625924753 155
1.36450967794271 1.04443306946306 0.384615384615385 0.433333333333333 0.596849158892574 2.5 -0.696087919448394 156
1.47354313328824 1.72736960779005 2 0.7 0.774229700164751 2.73529411764706 1.77298683838152 157
1.15522888100931 0.55286762784549 1.84615384615385 2.07142857142857 0.635590901182594 2.96666666666667 1.18795938018758 158
1.07910447874026 1.36862148095101 0 0 0.570765555215543 2.73333333333333 0.587034507565237 161
1.80936614429431 1.61474304270186 0.0833333333333333 0.307692307692308 0.640741974438248 2.17857142857143 -0.779464050980643 162
0.949188581653372 0.936020478122546 1.69230769230769 0.0769230769230769 0.474128120477254 2.07142857142857 -0.941480207981167 163
1.69539172625243 1.2268134563676 0 0.464285714285714 0.802372253697176 2.67857142857143 0.727500399622757 164
1.77142627779927 1.57290871603671 0.230769230769231 0.466666666666667 0.65971967241551 3.0625 0.860156887102363 165
1.71300000905572 1.65785469316183 0.307692307692308 0.2 0.595123341071603 2.9375 -0.560060897658927 166
1.55076462557175 0.935173038089772 0.0769230769230769 0.714285714285714 0.792672145905927 3.07142857142857 1.50489467693838 167
1.11995031983965 1.51991963691125 0.428571428571429 0.5 0.385775303635558 2.91176470588235 -1.18574825706918 168
2.26011270947888 1.73252613547951 0 0.571428571428571 0.842937906618337 2.625 -0.502060171592866 169
1.39486779359899 1.1467979058276 2 0.666666666666667 0.145848506495469 2.59090909090909 -4.45299107689543 170
1.03805421778983 1.7942184640794 2 0.142857142857143 0.311643674568597 3.35714285714286 0.954218197842208 171
1.38136512987775 1.03979788324728 1.96428571428571 1.16666666666667 0.147972444206038 2.625 -1.76896106323656 173
0.575780712254783 1.34092956726755 2.33333333333333 0.375 0.361055522727043 2.88888888888889 -0.621258207702868 174
1.06449537130932 1.46614816335395 1.81818181818182 2.63636363636364 0.209521492954264 3.63636363636364 0.0640333622291239 175
1.24899498331516 1.1000640518746 1.90909090909091 0.909090909090909 0.150137513659453 2.21428571428571 -4.54677739705556 176
0.925243373203316 0.691574895133859 2.1 1.9 0.320585970965156 3.95 0.344786980885618 177
1.45942395844971 1.55454885366665 2.18181818181818 2.8 0.164479842296156 3.13636363636364 -1.95059533672128 178
1.42888908297872 0.918716575659895 0.846153846153846 0.566666666666667 0.711770280500623 2.8 1.40087342150442 181
1.40695890448587 1.37016546862367 0.769230769230769 1 0.752604194816422 3.1 1.52013186260672 182
1.33842408215798 1.58202635789154 1.61538461538462 0.666666666666667 0.555204161836818 2.71875 0.472053602023286 184
1.7012931032091 1.24068713326719 0.153846153846154 0.269230769230769 0.830237820236783 3 -0.941276471727059 185
1.6418783390132 1.15121059654431 0.615384615384615 0.392857142857143 0.836860656294761 3.16666666666667 -0.344194022910772 187
1.05076589634198 1.32828714797074 1.61538461538462 0.0769230769230769 0.552781384540301 2.53846153846154 -0.121264970179354 190
1.07667883570767 1.00765268954628 1.57692307692308 1 0.690155066110954 2.84615384615385 1.17823481980581 192
1.50066451114574 0.0401373327551975 0.230769230769231 1.35714285714286 0.843957305463251 2.71428571428571 2.34630901687696 193
1.55453442532603 1.25743212307725 0.461538461538462 0.75 0.530964198959852 2.875 -0.25789737549452 194
2.29142111173463 1.6889263519753 0.642857142857143 0.4 0.662899191812699 2.5 1.03953815076619 195
1.35147685886895 0.579340093137086 0.153846153846154 1.11538461538462 0.799554811889745 1.80769230769231 1.44993390617841 196
0.776821492906582 0.148985551705441 2.07692307692308 1.53571428571429 0.485867721250825 2.53333333333333 -0.00516947333429555 199
2.06942618355636 0.641766188489841 0.0769230769230769 0 0.942091006379264 2.96428571428571 0.825603983262648 200
1.90222632570458 1.32157500941207 0.333333333333333 0.8 0.77908470406151 2.90625 0.661713956368553 202
1.52444908072411 1.84433477934028 0.708333333333333 0.392857142857143 0.588352922796033 2.6875 -0.359260711884966 203
1.26656118863369 1.08692414758379 0 0.458333333333333 0.392481698294361 2.82142857142857 -2.22370815212577 204
1.3108061821881 0.955931822486732 0.375 0 0.493612725070157 2 -3.67488385734304 205
1.97184157476298 0.890142503256538 0.111111111111111 0.111111111111111 0.88242544961252 2.77777777777778 1.31269265134128 206
1.0450741792554 0.611121921749968 1.53846153846154 0.0833333333333333 0.41179843104804 2.17857142857143 -1.44525272781932 208
1.79781908230588 0.651800470571954 0 0.357142857142857 0.873774334979578 2.4 1.22030389859133 209
1.1557504664176 1.57523383175301 0.25 0 0.705790755716205 2 -2.2813158917171 210
1.01859607289108 0.849542738674528 0 2.69230769230769 0.386020390234387 2.60714285714286 -1.06963913339137 211
1.06850306340603 1.06963659166578 0 0.222222222222222 0.451366635772777 2.46153846153846 -5.26008500178838 212
1.49465840620203 0.996716678439204 0 0.846153846153846 0.709375598323498 3.14285714285714 -1.49374339782307 213
0.898733377539096 1.41673557061874 2.69230769230769 3 0.392941783823989 3.71875 0.571813225313816 214
1.25600921478424 0.881701229924629 1.30769230769231 0.214285714285714 0.627800870207609 2.4375 -0.74254040572955 215
1.48414621889293 1.26387250631431 0 0.433333333333333 0.668058034301507 2.73333333333333 -0.232691954343982 216
0.79502789957761 0.633797164481169 2.23076923076923 0.0666666666666667 0.664858770421224 3.33333333333333 1.05528285664812 217
0.883777939892842 1.07291199317174 2.15384615384615 0.428571428571429 0.693564212189884 3 0.974103710614168 218
0.77050344795716 1.23042073105649 2.69230769230769 0.6 0.799863493502488 3.16666666666667 1.02031013764626 219
0.67270076194478 0.316898582240585 2.15384615384615 1.43333333333333 0.400953884192021 2.84375 0.769882052620369 220
0.40745464544448 0.868606063064216 2.45833333333333 0.392857142857143 0.386427254512615 2.5625 0.390736254324369 221
0.723562341167668 1.18076490741221 2.14285714285714 0.625 0.691399382524624 3.11764705882353 1.02801372322475 222
0.865336962874044 1.32536660913398 2.30769230769231 0.0666666666666667 0.676165979320854 2.96875 1.40038431604615 223
0.778758556512737 1.32309737487495 2.27272727272727 0 0.584961435675626 3.21428571428571 0.112303233847277 224
0.913668740584313 0.547481786985257 2.61538461538462 0.666666666666667 0.790194605064966 2.9375 1.65193517875549 225
0.921422634214987 1.61450472314127 2.84615384615385 0.2 0.843883050858047 3.46875 1.42860251536109 226
0.163503537548595 0 1.9375 0.7 0.0967540005097297 1.57142857142857 -2.38981160611813 227
0.72591483156562 1.50191464513401 2.57692307692308 0.214285714285714 0.499248088615773 2.96666666666667 1.06995106544304 229
0.860593046612422 1.11792284487099 2.11538461538462 1.67857142857143 0.648705598327065 2.96875 0.6132703347773 230
2.08063613783518 0.69357216088657 3 0.0666666666666667 1.24911477724474 3.5625 0.756660798392841 231
0.621232382094807 1.2153724882281 2.46153846153846 0.166666666666667 0.408563574032928 2.2 1.17812360561371 232
0.918767437499287 1.7361699159686 2.61538461538462 0.133333333333333 0.761850112133896 2.875 1.03733130101486 233
0.564753608507246 0.245722084975071 2.26923076923077 1.42857142857143 0.527925171068755 2.5 1.36146391309985 234
0.715006759722269 1.20762875244829 2.66666666666667 0.0714285714285714 0.761208258253348 3.46428571428571 0.708545213928413 235
0.611019194452384 1.24155433760354 2.23076923076923 0.4 0.497285976014274 2.875 0.533285857801654 236
0.386559176440743 0.421813069432958 2.33333333333333 1.125 0.223587947458089 1.6875 0.00332645742685206 237
1.52097215285728 0.456397519297344 0.769230769230769 0.321428571428571 0.76351523064448 2.53571428571429 1.64590702317748 238
1.50702562918131 1.3422668622468 2 0.25 0.706216367526096 3.26666666666667 0.983470215723573 239
0.799066754033314 0.476875667550443 3 2 0.752810276066626 2 1.04644354258503 243
1.33369082687816 1.15140355403622 1.69230769230769 0.2 0.54153210235807 2.56666666666667 1.15227818471615 244
2.0224151456828 1.04815676409748 1 0.428571428571429 0.888635332937574 3.2 0.999559781970278 245
1.00470473343266 1.35773397015308 0 0.285714285714286 0.456682157829186 2.75 -0.143794542330417 248
1.59057708233823 1.49024438872681 0 0.153846153846154 0.66855772220547 3 -0.722548891251657 249
1.73251559562596 1.29996640090808 0.615384615384615 0.785714285714286 0.805747164214343 2.73333333333333 1.34119455950041 250
2.2850639180026 1.48542917436223 0 0.375 0.922290396028643 3.08823529411765 1.17315438741002 251
1.51118307541613 1.20916313287088 1.23076923076923 0.0714285714285714 0.764758964717457 3.33333333333333 0.358991522880147 254
0.88105871917359 1.36139857733074 0 1.3 0.327434330966641 2.26923076923077 -3.28846478359875 255
1.86103122424219 0.342060913998829 1.30769230769231 0.2 0.827274371232414 2.6 1.82870397974649 256
1.97587367674086 0.626398826525381 0 0.0769230769230769 0.819789181753951 2.84615384615385 0.256765984088327 257
1.9977214469574 1.13830454162793 0 0.0769230769230769 0.861135520935842 2.92307692307692 0.228703811888632 258
1.15608682482659 1.15091855446069 1 0.266666666666667 0.52027906584641 2.625 -0.110152684851775 259
1.04470866754553 0.628986528516775 2.21428571428571 2.625 0.34916882049039 4.0625 0.917556577211071 261
1.3701663468754 1.42485532665194 2.25 2.625 0.252628220079359 3.625 -0.291718036124453 262
1.24895625268484 1.22924606480401 0.0833333333333333 0 0.478078469682631 2.42857142857143 -1.0616449899755 263
2.13011011637379 0.691967444901319 0.230769230769231 0.733333333333333 0.875191425038544 2.83333333333333 0.547009774087966 264
1.02623270444031 1.20901747680917 0.166666666666667 1.78571428571429 0.481755457968613 2.8125 -0.0268945965715662 266
1.99901172270187 1.2092781828221 0 0.321428571428571 0.850595733251575 3.21428571428571 1.20847039110475 267
1.0887117906416 1.01296015353488 0.5 0.555555555555556 0.464029507090371 2.83333333333333 -0.711837020493621 268
1.46333368536631 1.02210130237486 0 0.458333333333333 0.559685559043985 2.73076923076923 -2.27154968536634 269
1.43398642015396 1.37807219212242 2 1.64285714285714 0.451325383510944 2.9 -0.418949827135501 270
1.59009407384324 1.49012851083775 2.30769230769231 0.666666666666667 0.348622026757423 3.06666666666667 -0.376355564381357 271
1.56175462840494 0.122516786489203 0.0769230769230769 2 0.735443653049302 2.76666666666667 1.88428414578033 272
1.62155257695156 0.880587605881245 2 0.269230769230769 0.814256979469235 2.57692307692308 0.234306908409914 275
1.33958377077072 1.62620025387034 1.30769230769231 0.230769230769231 0.43331210928867 2.73076923076923 -0.805801112417453 276
1.40316974302108 0.905960300787447 1.30769230769231 1.03571428571429 0.585847860759271 2.71428571428571 1.08571062738184 277
1.42943095749936 1.07583827845579 1 0.692307692307692 0.72529238603337 2.96153846153846 -0.498293105207786 278
1.41952413034861 1.72214201918326 1.5 0.0714285714285714 0.580182040291713 2.86666666666667 0.632548071679395 279
1.7233352260011 1.42554717843288 0.153846153846154 0.642857142857143 0.863618701594 3.07142857142857 0.9588791755109 280
1.43446063144988 1.49980457228333 0.166666666666667 0 0.70380466916289 2.8125 0.871541164143443 281
1.31105087368639 1.64307622872095 0.111111111111111 0.1 0.540201531962792 2.9 0.748878345619751 282
1.39093702971617 1.26756963807004 0 0.533333333333333 0.799371588170099 3.08823529411765 1.27765987978999 284
0.822697461592615 0.175586889789147 0.222222222222222 0.5625 0.299894906462826 1.28571428571429 -3.20886152271553 285
1.81078388787962 1.78368083307253 0.0769230769230769 0.642857142857143 0.729804168828277 2.46428571428571 0.957580997212498 286
2.08964864828967 0.966709716608209 2 0.5 0.979558566356856 3.0625 1.13760493305896 287
0.168723771097543 0.217671265813455 2 0.5 0.0211800402575501 0.777777777777778 -4.89312219521287 288
1.72076034996615 0.349084803363976 0.625 0.5 0.67983461553429 2.8125 0.958139472029975 289
1.12537605168069 0.994332864899565 0 0 0.30437923093423 2.8125 -2.26484480412319 290
0.660817701360822 1.10743874579632 2.07142857142857 0.857142857142857 0.532145505307839 3.64285714285714 0.761096022660897 291
1.87522289173776 1.09585735286346 0 0.714285714285714 0.756902483064171 3.07142857142857 0.328693523133296 296
1.48627841625148 1.07725784976464 0.166666666666667 0 0.730337774929174 2.5 0.942585779862981 298
1.6460519316077 0.359868109890716 1.25 0.5 0.496981330454305 2.3 0.478778555301399 299
2.14689494706917 1.59018091112958 0.5 0.5 0.588557087140327 3.125 1.17637343499529 300
1.34067526873353 1.08616191647985 1.5 0.75 0.479377673009142 2.25 -0.226666352729747 301
1.72536214184259 1.75526568904423 0 0.25 0.62122666617229 3.75 1.36585737361375 302
2.04066010856452 1.83982056689385 0 0.5 0.666807053301173 4 1.7472735143721 303
1.35801947473975 1.45668281289369 0 1.0625 0.638193177959879 2.75 -0.480436935748112 80
1.8333193285405 1.57516940064532 0 0.222222222222222 0.808333244466888 3.38888888888889 1.29637784838824 81
1.25791331837844 1.70910527395137 0.285714285714286 0.375 0.674385131496932 3.125 1.32069147812987 85
1.77837438370574 0.185498174944419 0 2.76923076923077 0.825661104118879 2.96428571428571 1.53504809567699 94
1.57730324627724 1.55635622915514 0 0.571428571428571 0.696801638346785 2.92857142857143 1.08964173096673 96
1.1508984755957 0.996349351604702 2.66666666666667 2.28571428571429 0.747301233073813 3.57142857142857 0.73749013212318 99
1.64542912247964 1.81561503810339 0 0.208333333333333 0.673694012570336 2.95833333333333 1.46214201714472 100
2.12985500598281 1.00266361209568 0.0909090909090909 0.875 0.976238428959579 2.96153846153846 1.44534710845999 102
1.5112068715898 1.48570652996364 0 1.6 0.59323036122213 3.09090909090909 0.575583919190315 105
2.40303078802826 1.25006172903612 0 0.6875 1.07426927906905 2.875 1.55979080263987 112
1.57178517045981 1.36387125209373 0 0.2 0.624069684244877 2.55 -0.718829234191359 130
1.71383580299083 1.13817081068362 0.0909090909090909 0.791666666666667 0.84795177268977 3 1.12660659679097 140
0.762326291188899 1.26891641671739 3 1.66666666666667 0.634053297595928 4.05555555555556 1.60999601946687 159
2.154210479125 1.65062006221102 2.2 0.5 0.446608455947796 3.41666666666667 -0.65769685292289 179
1.40297886689183 1.91608758401972 2.22222222222222 0 0.738399920144914 3.59090909090909 0.714213612867642 180
1.6177725308596 1.60175709333205 0.181818181818182 0.0769230769230769 0.755225358752685 3.46153846153846 1.50781539946938 183
2.03318784399384 1.23646144106401 0 1.3 0.994792544531553 2.85 1.38320912360682 188
1.27758810164684 1.25952844262099 0 0.5 0.411047738317869 2.66666666666667 -0.234374668698881 189
0.709537074364596 0.739137382711416 0 0.5 0.597253156409352 3.83333333333333 -5.50024349558591 191
1.41082638370281 1.50139169944038 0 0.576923076923077 0.560497315017038 2.96428571428571 0.569435732769641 201
0.722509795665679 0.670043817227181 1.83333333333333 0.214285714285714 0.472281104754129 2.46428571428571 -0.397153575380513 228
1.96827284857935 1.16949521722202 2.33333333333333 0 0.90807727731207 2.5 -2.76676632208502 241
1.76114296299212 1.01370893556757 0.875 0.166666666666667 0.765539068140173 3.2 1.11527306239624 247
1.97905440330124 1.11826426981206 0.125 0.1 0.881298405051516 3.05 1.59137995776428 252
1.44333667292173 1.57131541322337 0.125 1.55555555555556 0.661926684039617 3.33333333333333 1.13063409336433 253
1.25867774955499 0.923118097060813 0 0.142857142857143 0.705726810307479 2.78571428571429 -3.10387391748554 273
1.10965931654215 1.57698795744078 0 0.142857142857143 0.57403436422438 3.0625 0.29096117747736 274
2.05973540758503 1.15377052505832 0 0.192307692307692 0.913100635629457 3.03571428571429 1.23938901839657 283
