"sitesId"	"V1"	"V2"	"V3"	"V4"	"V5"	"V6"	"V7"	"V8"	"V9"	"V10"	"V11"	"V12"	"V13"	"V14"	"V15"	"V16"	"V17"
1	0	0	1	1	1	1	1	1	1	1	1	1	2	2	2	2	1
2	0	0	1	1	1	1	1	1	1	1	1	1	2	2	1	2	1
3	1	1	2	1	1	1	2	1	2	1	1	1	2	2	2	2	1
4	2	1	1	1	1	1	1	1	1	1	1	1	1	1	1	1	1
5	0	0	2	1	1	1	1	1	1	1	1	1	1	1	1	1	1
6	0	0	1	1	1	1	1	1	1	1	1	1	1	1	1	1	1
7	0	0	1	1	1	1	1	1	1	1	1	1	1	1	1	1	1
8	0	0	1	1	1	1	1	1	1	0.983149762394342	0.998582755694634	0.990825062242023	0.985559028986875	1	0.989923481589984	0.906390808045437	1
9	0	0	1	1	1	1	1	1	1	1	1	1	1	1	1	1	1
10	1	1	1	1	1	1	1	1	1	1	1	1	1	1	1	1	1
11	1	1	1	1	1	1	1	1	1	1	1	1	1	1	1	1	1
12	0	0	2	1	1	1	1	1	1	1	1	1	1	1	1	2	1
13	1	1	1	1	1	1	1	1	1	1	1	1	1	1	1	1	1
14	1	2	1	1	1	1	1	1	1	1	1	2	1	1	1	1	1
15	0	0	1	1	1	1	1	1	1	1	1	1	1	1	1	1	1
16	1	1	1	1	1	1	1	1	1	1	1	1	1	1	1	1	1
17	1	2	1	1	1	1	1	1	1	1	1	1	1	1	1	1	1
18	1	0.475193728361319	0.15549077133407	1	1	1	1	1	1	2	2	2	0	0	0	0	0
20	1	1	1	1	1	1	1	1	1	1	1	1	1	1	1	2	1
21	0	0	1	1	1	1	1	1	1	1	1	1	1	1	1	2	1
22	0	0	1	1	1	1	1	1	1	1	1	1	1	1	1	1	1
23	1	1	2	1	1	1	1	1	1	1	1	1	1	1	1	1	1
25	0	1	1	1	0.999295818883905	1	1	1	1	1	1	1	1	1	1	1	1
26	1	1	1	1	1	1	1	1	1	1	1	1	1	1	1	1	1
27	2	1	2	1	1	1	1	1	1	1	1	1	1	1	1	1	1
28	1	1	1	1	1	1	1	1	1	1	1	1	1	1	1	1	1
29	1	1	1	1	1	1	1	1	1	1	1	1	0.989677485911671	1	1	1	1
31	1	1	1	1	1	1	1	1	1	1	1	1	1	1	1	1	1
32	0	0	0	0	0	0	1	1	1	1	1	1	1	1	1	1	1
33	1	1	1	1	1	1	1	1	1	1	1	1	1	1	2	1	1
34	2	0.802332099381443	2	1	1	1	1	1	1	1	1	1	1	1	1	2	1
35	1	1	1	1	1	1	1	1	1	1	1	1	1	1	1	1	1
36	0	0	1	1	1	1	1	1	1	1	1	1	1	1	1	1	1
37	1	1	2	1	1	1	1	1	1	1	1	1	1	2	1	2	2
38	0	0	1	1	1	1	1	2	1	1	1	1	2	1	1	2	1
39	1	1	1	1	1	1	1	1	1	1	1	1	1	0.979529989340825	1	0	0
40	0	0	2	1	1	1	1	2	1	2	1	1	1	1	1	2	1
41	0	0	2	1	0.991522873743627	1	1	1	1	1	1	1	1	1	1	2	1
42	1	1	1	1	1	1	1	1	1	1	1	1	1	1	2	2	1
43	0	0	1	1	1	1	1	1	1	1	1	1	1	1	1	1	1
44	0	0	1	1	1	1	1	1	1	1	1	1	1	1	1	1	1
45	1	1	1	1	1	1	1	1	1	1	1	1	1	1	1	2	1
46	1	1	1	1	1	1	1	1	1	1	1	1	1	1	1	1	1
47	1	1	1	1	1	1	1	1	1	1	1	1	1	1	1	1	1
48	0	0	1	1	1	1	1	1	1	1	1	1	1	1	1	1	1
49	0	0	1	1	1	1	1	1	1	1	1	1	1	1	1	1	1
50	1	1	1	1	1	1	1	1	1	1	1	1	1	1	1	1	1
51	0	0	1	1	1	0	0	0	0	0	0	0	0	0	0	0	0
52	2	1	1	1	1	1	1	1	0	0	0	0	0	0	0	0	0
53	1	1	1	1	1	1	1	1	1	1	1	1	1	1	1	1	1
54	0	0	1	1	1	1	1	1	1	1	1	1	1	1	1	1	1
55	1	1	1	1	1	1	1	1	1	1	1	1	1	1	1	1	1
56	0	0	1	1	1	1	1	1	1	1	1	1	1	1	0	0	0
57	0	0	1	1	1	1	1	1	1	1	1	1	1	1	1	1	1
59	0	0	2	1	1	1	1	1	1	1	1	1	1	1	1	1	1
60	0	0	1	1	1	1	1	1	1	1	1	1	1	1	1	1	1
61	1	2	2	1	1	1	1	1	1	1	1	1	1	1	1	2	1
62	0	0	1	1	1	1	1	1	1	1	1	1	1	1	1	1	1
63	0	0	1	1	1	1	1	1	1	1	2	0	0	0	0	0	0
64	1	1	1	1	1	1	1	1	1	1	1	1	1	1	1	1	1
66	1	1	1	1	1	1	1	1	1	1	1	1	1	1	1	1	1
67	0	0	2	1	1	1	1	1	1	0.868953204876156	0.987665705966119	1	0	0	0	0	0
68	0	0	1	1	1	1	1	1	1	1	1	1	1	1	1	2	1
69	0	0	0	1	1	1	1	1	1	1	1	1	1	1	1	1	1
70	1	1	1	1	1	1	1	1	1	1	1	1	1	1	1	2	1
71	1	2	1	1	1	1	1	1	0	0	0	0	0	0	0	0	0
72	0	0	1	1	1	1	1	1	1	1	1	1	1	1	1	1	0
74	1	0.84120658017036	2	1	1	0	0	0	0	0	0	0	0	0	0	0	0
75	1	0.802332099381443	2	1	1	1	1	1	1	2	1	1	1	1	1	2	1
77	1	1	1	1	1	1	1	1	1	1	1	1	1	1	1	1	1
78	0	0	1	1	1	1	1	1	1	1	1	1	1	1	1	1	1
79	1	1	1	1	1	1	1	1	1	1	1	1	1	1	1	1	1
82	0	0	1	1	1	1	1	1	1	1	1	1	1	1	1	1	1
83	0	0	1	1	1	1	1	1	1	1	1	1	1	0	0	0	0
84	1	1	1	1	1	1	1	1	1	1	1	1	1	1	1	1	1
86	0	0	2	1	1	1	2	1	2	2	1	2	2	2	1	2	2
87	0	1	1	1	1	0	0	0	0	0	0	0	0	0	0	0	0
88	0	0	0	0	0	0	1	1	1	2	1	1	2	1	1	2	1
89	1	1	1	1	1	1	1	1	1	1	1	2	1	2	1	0.479775152832323	1
90	0	0	0	0	0	0	1	1	1	1	1	1	1	1	1	1	1
91	1	1	1	1	1	1	1	1	1	1	1	1	1	1	1	2	1
92	1	0.946216652082866	1	1	1	1	1	1	1	1	1	1	1	1	1	2	1
93	0	0	1	1	1	1	1	1	1	1	1	1	1	1	1	1	1
95	0	0	1	1	1	1	1	1	1	1	1	1	1	1	1	1	1
97	0	0	1	1	1	1	1	1	1	1	1	1	1	1	1	1	1
98	1	1	1	1	1	1	1	1	1	1	1	1	1	1	1	1	1
101	1	1	1	1	1	1	1	1	1	1	1	1	1	1	1	1	1
103	1	1	1	1	1	1	1	1	1	1	1	1	1	1	1	1	1
104	1	1	1	1	1	1	1	1	1	1	1	1	1	1	1	1	1
106	0	0	1	1	1	1	1	1	1	1	1	1	1	1	1	1	1
107	1	1	2	1	1	1	1	1	1	1	1	1	1	1	1	1	1
108	1	0.923879999014237	2	1	1	1	1	1	1	1	1	1	1	1	1	0	0
109	2	0.778500781402041	2	1	1	1	1	1	1	1	1	1	1	1	0.849223960724053	2	0
110	1	1	1	1	1	1	1	1	1	1	1	1	1	1	1	1	1
111	0	0	1	1	1	1	1	1	1	1	1	1	1	1	1	1	1
113	0	0	2	1	1	1	1	2	1	2	1	1	1	2	1	2	1
114	1	1	1	1	1	1	1	1	1	1	1	1	1	1	1	1	1
115	1	1	1	1	1	1	1	1	1	1	1	1	1	1	1	1	1
116	1	1	0.746049005729819	1	0.995763577114526	1	1	1	1	2	1	1	1	1	1	1	1
117	0	0	0	0	0	0	1	1	1	2	1	1	1	1	1	2	1
118	0	1	1	1	1	1	1	1	1	1	1	1	1	1	1	1	1
119	0	1	1	1	1	1	1	1	1	1	1	1	2	2	1	2	0
120	1	1	1	1	1	1	1	1	1	1	1	1	1	1	1	1	1
121	1	1	1	1	1	1	1	1	1	1	1	1	1	1	1	1	1
122	1	1	1	1	1	1	1	1	1	1	1	1	1	1	1	1	1
123	1	2	2	1	1	1	1	1	1	1	1	1	1	1	1	1	1
124	1	1	1	1	1	1	1	1	1	1	1	1	1	1	1	1	1
125	0	0	1	1	1	1	1	1	1	1	1	1	1	1	1	1	1
126	1	1	2	1	1	2	1	1	1	1	1	2	2	2	2	2	2
127	0	0	0	0	0	0	1	1	1	1	1	1	2	1	2	2	2
128	1	1	1	1	1	1	1	1	1	1	1	1	1	1	1	1	1
129	0	0	1	1	1	1	1	1	1	1	1	1	1	1	1	1	1
132	1	1	1	1	1	1	1	1	1	1	1	1	1	1	1	1	1
133	0	0	1	1	1	1	1	1	1	1	1	2	2	2	2	0	0
134	1	1	1	1	1	1	1	1	1	1	1	1	1	1	1	1	1
135	1	0.946216652082866	2	1	1	1	1	1	1	1	1	1	1	1	1	1	1
137	0	0	1	1	1	1	1	1	1	1	1	1	1	1	1	2	2
138	1	1	1	1	1	1	1	1	1	1	1	1	1	1	1	1	1
139	1	1	1	1	1	1	1	1	1	1	1	1	1	1	1	1	1
141	0	0	2	1	1	1	1	1	1	1	1	2	1	1	1	1	1
142	1	1	1	1	1	1	1	1	1	1	1	1	1	1	1	1	1
143	1	1	1	1	1	1	1	1	1	1	1	1	1	1	1	1	1
144	1	1	1	1	1	1	1	1	1	1	1	1	1	1	1	1	1
145	1	1	1	1	1	1	1	1	1	1	1	1	1	1	1	1	1
146	0	0	2	1	2	2	1	1	1	2	1	2	2	0	0	0	0
147	1	1	1	1	1	1	1	1	1	1	1	1	1	1	1	2	1
148	0	0	1	1	1	1	1	1	1	1	1	1	1	1	1	1	1
149	1	1	1	1	1	1	1	1	1	1	1	1	1	1	1	1	1
150	0	0	2	1	1	1	1	1	1	1	1	1	1	1	1	1	1
151	0	0	2	1	1	1	1	1	1	1	1	1	1	1	1	1	1
152	0	0	1	1	1	1	1	1	1	1	1	1	1	1	1	1	1
153	1	1	2	1	1	1	1	1	1	1	1	1	1	1	1	1	1
154	1	1	1	1	1	1	1	1	1	1	1	1	1	1	1	2	1
155	1	2	2	1	1	1	1	1	1	2	1	1	1	1	1	2	1
156	1	2	1	1	1	1	1	1	1	1	1	1	1	1	1	1	1
157	1	1	1	1	1	1	1	1	1	1	1	1	1	1	1	1	1
158	1	1	1	1	1	1	1	1	1	1	1	1	1	1	1	1	1
161	1	0.946216652082866	1	1	1	1	1	1	1	1	1	1	1	1	2	1	1
162	0	0	1	1	1	1	1	1	1	1	1	1	1	2	1	1	1
163	0	0	2	1	1	1	1	1	1	1	1	2	1	1	1	1	1
164	0	0	1	1	1	1	1	1	1	1	1	1	1	1	1	1	1
165	1	1	1	1	1	1	1	1	1	1	1	1	1	1	1	1	1
166	1	1	1	1	1	1	1	1	1	2	1	1	1	1	1	1	1
167	0	0	1	1	1	1	1	1	1	1	1	1	1	1	1	1	1
168	1	1	1	1	1	1	1	1	1	1	1	1	1	1	1	2	1
169	1	1	1	1	1	1	1	1	1	1	1	1	1	1	1	2	1
170	1	1	2	1	0.984433914422672	1	1	1	1	2	1	1	1	0.730235906430902	1	1	2
171	0	1	1	1	1	0.997640869657499	1	1	1	1	1	1	1	1	1	1	1
173	1	1	1	1	1	1	1	1	1	1	1	1	1	1	1	2	1
174	0	0	0	0	0	0	1	1	1	1	1	1	0.928762588086012	1	1	2	1
175	0	0	0	0	0	0	1	1	1	1	1	1	1	1	1	1	1
176	1	1	1	1	1	1	1	1	1	2	1	1	1	2	1	0.339654836456927	2
177	0	0	0	0	0	0	1	1	1	1	1	1	1	1	1	1	1
178	0	0	0	0	0	0	1	1	1	1	1	1	1	1	1	2	1
181	1	1	1	1	1	1	1	1	1	1	1	1	1	1	1	1	1
182	1	0.988490240963417	1	1	1	1	1	1	1	1	1	1	1	1	1	1	1
184	1	1	1	1	1	1	1	1	1	1	1	1	1	1	1	1	1
185	1	1	1	1	1	1	1	1	1	1	1	1	1	1	1	2	1
187	1	1	2	1	1	1	1	1	1	1	1	1	1	1	1	1	1
190	0	0	2	1	1	1	1	1	1	1	1	1	1	1	1	1	1
192	0	0	2	1	1	1	1	1	1	1	1	1	1	1	1	1	1
193	0	0	1	1	1	1	1	1	1	1	1	1	1	1	1	1	1
194	1	1	1	1	1	1	1	1	1	1	1	1	1	1	1	1	1
195	1	1	1	1	1	1	1	1	1	1	1	1	1	1	1	1	1
196	0	0	1	1	1	1	1	1	1	1	1	1	1	1	1	1	1
199	1	1	1	1	1	1	1	1	1	1	1	1	1	1	1	2	1
200	1	1	1	1	1	1	1	1	1	1	1	1	1	1	1	1	1
202	1	1	1	1	1	1	1	1	1	1	1	1	1	1	1	1	1
203	1	1	1	1	1	1	1	1	1	1	1	1	1	2	1	1	0
204	1	1	2	1	1	1	1	1	1	1	1	1	1	1	1	2	1
205	0	0	0	1	1	1	1	2	1	2	1	1	1	2	1	0	0
206	0	0	0	0	0	0	0	1	1	1	1	1	1	1	1	1	1
208	0	0	1	1	1	1	1	1	1	2	1	1	1	1	1	2	1
209	1	1	1	1	1	1	1	1	1	1	1	1	1	1	1	1	1
210	0	0	2	1	1	1	1	0	0	0	0	0	0	0	0	0	0
211	1	1	2	1	1	1	1	1	1	1	1	1	1	1	1	1	1
212	1	0.527406559438291	2	1	1	2	1	2	1	2	1	1	1	2	1	2	1
213	1	1	2	1	1	1	1	1	1	1	1	1	1	1	1	1	1
214	1	1	1	1	1	1	1	1	1	1	1	1	1	1	1	1	1
215	1	1	1	1	1	1	1	1	1	1	1	1	1	1	1	2	1
216	1	2	1	1	1	1	1	1	1	1	1	1	1	1	1	1	1
217	1	1	1	1	1	1	1	1	1	1	1	1	1	1	1	1	1
218	1	1	1	1	1	1	1	1	1	1	1	1	1	1	1	1	1
219	1	1	1	1	1	1	1	1	1	1	1	1	1	1	1	1	1
220	1	1	1	1	1	1	1	1	1	1	1	1	1	1	1	1	1
221	1	1	1	1	1	1	1	1	1	1	1	1	1	2	1	1	1
222	1	1	1	1	1	1	1	1	1	1	1	1	1	1	1	1	1
223	1	1	1	1	1	1	1	1	1	1	1	1	1	1	1	1	1
224	1	1	1	1	1	1	1	1	1	1	1	1	1	1	2	1	0
225	1	1	1	1	1	1	1	1	1	1	1	1	1	1	1	1	1
226	1	1	1	1	1	1	1	1	1	1	1	1	1	1	1	1	1
227	1	1	2	1	1	1	1	2	2	2	1	2	2	2	2	2	2
229	1	0.988490240963417	1	1	1	1	1	1	1	1	1	1	1	1	1	1	1
230	1	1	1	1	1	1	1	1	1	1	1	1	1	1	1	1	1
231	1	1	1	1	1	1	1	1	1	1	1	1	1	1	1	1	1
232	1	0.988490240963417	1	1	1	1	1	1	1	1	1	1	1	1	1	1	1
233	1	1	1	1	1	1	1	1	1	1	1	1	1	1	1	1	1
234	0	0	1	1	1	1	1	1	1	1	1	1	1	1	1	1	1
235	1	1	1	1	1	1	1	1	1	1	1	1	1	1	1	1	1
236	1	1	1	1	1	1	1	1	1	1	1	1	1	1	1	1	1
237	1	1	1	1	1	1	1	1	1	1	1	1	2	1	1	2	1
238	0	0	1	1	1	1	1	1	1	1	1	1	1	1	1	1	1
239	1	1	1	1	1	1	1	1	1	1	1	1	1	1	1	1	1
243	1	0.988490240963417	1	1	1	1	1	1	1	1	1	1	1	1	1	1	1
244	1	0.988490240963417	1	1	1	1	1	1	1	1	1	1	1	1	1	1	1
245	1	1	1	1	1	1	1	1	1	1	1	1	1	1	1	1	1
248	0	0	1	1	1	1	1	1	1	1	1	1	1	1	1	1	1
249	0	0	1	1	1	1	1	1	1	1	1	1	1	1	1	2	1
250	1	1	1	1	1	1	1	1	1	1	1	1	1	1	1	1	1
251	1	1	1	1	1	1	1	1	1	1	1	1	1	1	1	1	1
254	1	1	1	1	1	1	1	2	1	1	1	1	1	1	1	1	1
255	0	0	2	1	1	1	1	0.840943697213441	1	1	1	1	2	2	1	2	1
256	1	1	1	1	1	1	1	1	1	1	1	1	1	1	1	1	1
257	0	0	1	1	1	1	1	1	1	1	1	1	1	1	1	1	1
258	0	0	1	1	1	1	1	1	1	1	1	1	1	1	1	1	1
259	1	1	1	1	1	1	1	1	1	1	1	1	1	1	1	1	1
261	1	1	1	1	1	1	1	1	1	1	1	1	1	1	1	1	1
262	0	0	0	0	0	0	1	1	1	1	1	1	1	1	1	0	0
263	0	0	1	1	1	1	1	1	1	1	1	1	1	1	2	1	1
264	1	1	1	1	1	1	1	1	1	1	1	1	1	1	1	1	1
266	1	1	1	1	1	1	1	1	1	1	1	1	1	1	2	1	1
267	0	0	1	1	1	1	1	1	1	1	1	1	1	1	1	1	1
268	0	0	1	1	1	1	1	1	1	1	1	1	1	0	0	0	0
269	0	0	2	1	1	1	1	1	1	1	1	1	1	2	1	1	1
270	1	1	1	1	1	1	1	1	1	1	1	1	1	1	1	2	1
271	1	1	1	1	1	1	1	1	1	1	1	1	1	1	1	1	1
272	1	1	1	1	1	1	1	1	1	1	1	1	1	1	1	1	1
275	0	0	2	1	1	1	1	1	1	1	1	1	1	1	1	1	1
276	0	0	2	1	1	1	1	1	1	1	1	1	1	1	1	1	1
277	0	0	1	1	1	1	1	1	1	1	1	1	1	1	1	1	1
278	0	0	2	1	1	1	1	1	1	1	1	1	1	1	1	1	1
279	1	1	1	1	1	1	1	1	1	1	1	1	1	1	1	1	1
280	0	0	1	1	1	1	1	1	1	1	1	1	1	1	1	1	1
281	1	0.982676714778069	1	1	1	1	1	1	1	0	0	0	0	0	0	0	0
282	0	0	1	1	1	1	1	1	1	1	1	1	1	0	0	0	0
284	1	1	1	1	1	1	1	1	1	1	1	1	1	1	1	1	1
285	1	1	1	1	1	2	1	2	1	2	1	2	2	2	1	2	1
286	0	0	1	1	1	1	1	1	1	1	1	1	1	1	1	1	1
287	0	0	0	0	0	0	0	0	1	1	1	1	1	1	1	1	1
288	0	0	0	0	0	0	0	0	2	2	1	2	2	2	1	2	2
289	0	0	0	0	0	0	0	0	1	1	1	1	1	1	1	1	1
290	0	0	0	0	0	0	0	0	1	1	1	1	1	1	1	1	1
291	0	0	0	0	0	0	0	0	1	1	1	1	1	1	1	1	0
296	0	0	0	0	0	0	0	0	0	1	1	1	1	1	1	1	1
298	0	0	0	0	0	0	0	0	0	0	1	1	1	1	1	1	1
299	0	0	0	0	0	0	0	0	0	0	0	0	1	1	1	1	1
300	0	0	0	0	0	0	0	0	0	0	0	0	0	1	1	1	1
301	0	0	0	0	0	0	0	0	0	0	0	0	0	1	1	1	1
302	0	0	0	0	0	0	0	0	0	0	0	0	0	1	1	1	1
303	0	0	0	0	0	0	0	0	0	0	0	0	0	1	1	1	1
80	1	0.881573578225114	2	1	1	1	1	1	0.979101357188933	0.876313084761881	1	0.929145417403239	0.892324989673648	0.838287647741588	1	0	0
81	0	0	1	1	1	1	1	1	0.997375482722228	1	1	0.990686332204767	0.985341851636375	0.976770337125197	1	0	0
85	0	0	1	1	1	1	1	1	0.997364316062706	1	0.998555026623792	0.99064697178948	0.985280240545445	0.976673551168688	1	0	0
94	1	0.988439590998482	1	1	1	1	1	1	0.99814511435056	1	1	1	1	1	1	1	1
96	1	0.988439590998482	1	1	1	1	1	1	0.99814511435056	1	1	1	1	1	1	1	1
99	0	0	1	1	1	1	1	0.992883888504568	0.997233258641614	0.981984330872573	0.998483086349129	0.990185186384324	0.984557614880174	0.975538893767071	1	0.900453956622945	1
100	1	0.987413229436758	1	1	1	1	1	1	0.997978670927614	1	1	0.992815802417472	0.988679316536512	0.982023817002025	1	1	1
102	1	0.98827893232769	1	1	1	1	1	1	0.998119079749245	1	1	1	1	1	1	1	0
105	1	0.984342161628777	1	1	1	1	1	1	0.997478901433596	1	1	0.99105097085655	0.985912756268119	0.977667518111397	1	0.908503707711661	1
112	0	0	1	1	1	1	1	1	0.997293212300036	1	1	0	0	0	0	0	0
130	1	0.983986921145838	1	1	1	1	1	1	0.997420922580572	1	1	0.990846522496147	0.985592627432549	0.977164358319953	1	0	0
140	0	0	1	1	1	1	1	1	0.998099137159063	1	1	1	1	1	1	1	0
159	1	0.983921682644545	1	1	1	1	1	1	0.997410271177556	1	0.998580250365319	0.99080896949504	0.985533834526439	0.977071971849159	1	0	0
179	0	0	1	1	1	1	1	0.992692128832695	0.997158367119831	0.981504329397228	0.998441972925333	0.98992144229007	0.984145067859524	0.974891553895757	1	0	0
180	1	0.987378291536386	1	1	1	1	1	1	0.997972999991878	1	0.998889034574424	0.992795751368874	0.988647852590632	0.981974192465186	1	1	1
183	1	0.988093353188212	1	1	1	1	1	1	0.998088997960573	0.987497356297087	1	1	1	1	1	1	1
188	1	0.983986921145838	1	1	1	1	1	1	0.997420922580572	1	1	0.990846522496147	0.985592627432549	0.977164358319953	1	0	0
189	1	0.981729934478537	1	1	0	0	0	0	0	0	0	0	0	0	0	0	0
191	1	0.325808009820292	2	1	1	2	2	0	0	0	0	0	0	0	0	0	0
201	1	0.988439590998482	1	1	1	1	1	1	0.99814511435056	1	1	1	1	1	1	1	1
228	1	0.988439590998482	1	1	1	1	1	1	0.99814511435056	1	1	1	1	1	1	1	1
241	0	0	1	1	1	1	0	0	0	0	0	0	0	0	0	0	0
247	1	0.983986921145838	1	1	1	1	1	1	0.997420922580572	1	1	0.990846522496147	0.985592627432549	0.977164358319953	1	0	0
252	1	0.983986921145838	1	1	1	1	1	1	0.997420922580572	1	1	0.990846522496147	0.985592627432549	0.977164358319953	1	0	0
253	0	0	1	1	1	1	1	1	0.997375482722228	1	1	0.990686332204767	0.985341851636375	0.976770337125197	1	0	0
273	0	0	2	1	1	1	1	2	0.945102170155098	1	1	0.828140263844012	0.752796145208327	0.655749759057041	1	0	0
274	1	0.983087164228079	1	1	1	1	1	1	0.997273915868099	0.982245081274558	0.998505404900709	0.990328410457916	0.984781697965099	0.975890642040299	1	0	0
283	1	0.988439590998482	1	1	1	1	1	1	0.99814511435056	1	1	1	1	1	1	1	1
